F_L=3.67656e-01
sigmaF_L=8.74695e-04
P_1=-4.09726e-01
sigmaP_1=3.23249e-03
P_2=4.40310e-01
sigmaP_2=6.63722e-04
P_3=-2.78903e-04
sigmaP_3=1.89688e-03
P4p=-5.85266e-01
sigmaP4p=1.83303e-03
P5p=-7.53898e-01
sigmaP5p=1.90495e-03
P6p=-9.46303e-04
sigmaP6p=2.90120e-03
P8p=-1.83957e-03
sigmaP8p=2.78514e-03
