F_L=6.07861e-01
sigmaF_L=7.45575e-04
P_1=-1.65414e-01
sigmaP_1=4.60803e-03
P_2=4.07557e-01
sigmaP_2=9.55257e-04
P_3=3.57670e-03
sigmaP_3=2.40606e-03
P4p=-5.04675e-01
sigmaP4p=1.85408e-03
P5p=-8.53331e-01
sigmaP5p=1.93831e-03
P6p=-5.92216e-04
sigmaP6p=2.45821e-03
P8p=3.21711e-04
sigmaP8p=2.33576e-03
