F_L=4.51024e-01
sigmaF_L=6.86542e-04
P_1=-2.42330e-01
sigmaP_1=2.93922e-03
P_2=4.57123e-01
sigmaP_2=5.48374e-04
P_3=1.89919e-03
sigmaP_3=1.60597e-03
P4p=-5.42809e-01
sigmaP4p=1.45993e-03
P5p=-8.46991e-01
sigmaP5p=1.50392e-03
P6p=-2.90579e-04
sigmaP6p=2.16958e-03
P8p=-6.03233e-05
sigmaP8p=2.04481e-03
