F_L=3.42653e-01
sigmaF_L=8.64149e-04
P_1=-6.20518e-01
sigmaP_1=3.06092e-03
P_2=3.74759e-01
sigmaP_2=7.72411e-04
P_3=-1.15779e-03
sigmaP_3=1.88810e-03
P4p=-6.28419e-01
sigmaP4p=1.96591e-03
P5p=-5.99919e-01
sigmaP5p=2.01650e-03
P6p=2.67174e-04
sigmaP6p=2.94386e-03
P8p=1.57477e-03
sigmaP8p=2.93507e-03
