F_L=7.22983e-01
sigmaF_L=9.82343e-04
P_1=-1.41710e-01
sigmaP_1=9.19380e-03
P_2=2.06854e-01
sigmaP_2=2.11813e-03
P_3=-2.48356e-03
sigmaP_3=4.67349e-03
P4p=-4.45559e-01
sigmaP4p=3.11878e-03
P5p=-7.18809e-01
sigmaP5p=3.30610e-03
P6p=3.13103e-03
sigmaP6p=3.72533e-03
P8p=-2.27544e-03
sigmaP8p=3.60481e-03
