F_L=7.98906e-01
sigmaF_L=8.25172e-04
P_1=-1.08951e-01
sigmaP_1=1.09547e-02
P_2=-2.13056e-01
sigmaP_2=2.25512e-03
P_3=7.95567e-03
sigmaP_3=5.46505e-03
P4p=-2.56128e-01
sigmaP4p=3.43014e-03
P5p=-3.34364e-01
sigmaP5p=3.63733e-03
P6p=2.12059e-03
sigmaP6p=3.72736e-03
P8p=7.55060e-03
sigmaP8p=3.55480e-03
