F_L=7.08910e-01
sigmaF_L=1.27506e-03
P_1=-8.24541e-03
sigmaP_1=1.14658e-02
P_2=-3.66484e-01
sigmaP_2=2.15230e-03
P_3=4.73253e-04
sigmaP_3=5.69301e-03
P4p=7.51875e-02
sigmaP4p=4.37562e-03
P5p=3.23529e-01
sigmaP5p=4.64006e-03
P6p=-3.80161e-03
sigmaP6p=4.70837e-03
P8p=4.59700e-03
sigmaP8p=4.42770e-03
